Id	class	plant	Centroid_Size	Log_Centroid_Size	Symm1	Symm2	Symm3	Symm4	Symm5	Symm6	Symm7	Symm8	Symm9	Symm10	Symm11	Symm12	Symm13	Symm14	Symm15	Symm16	Symm17	Symm18	Symm19	Symm20	Symm21	Symm22	Symm23	Symm24	Symm25	Symm26
01	Pen	01	17.254670814638555	2.8476857467290277	-0.45088427397901015	0.09235937724968628	-0.45088427397901015	-0.09235937724968628	-0.362204764280497	0.0	-0.08542201095246676	0.05994657092590211	-0.08542201095246675	-0.059946570925902117	0.15915767509879258	0.14379693342542035	0.1591576750987926	-0.14379693342542035	-0.03464998258690829	0.04926918418202228	-0.034649982586908296	-0.04926918418202228	0.2754158684347375	0.0	0.2491707666149069	0.06685504718344198	0.24917076661490686	-0.06685504718344198	0.41204454745513114	0.0
04	Hib	04	26.78294566588301	3.287373818225689	-0.40183971509184924	0.06656475062007794	-0.40183971509184924	-0.06656475062007794	-0.3261061682890917	0.0	-0.08412335321211988	0.049107858706362556	-0.08412335321211989	-0.049107858706362556	0.020776656314160397	0.11829273890762212	0.020776656314160397	-0.11829273890762212	-0.035963875437480385	0.03696210682833596	-0.03596387543748038	-0.03696210682833595	0.23328507946565774	0.0	0.27306445538376944	0.0795943518812387	0.27306445538376944	-0.0795943518812387	0.5489927529104732	0.0
05	Hib	05	26.671601582176773	3.2834362992510804	-0.4112988522556715	0.06326742617775433	-0.41129885225567153	-0.06326742617775433	-0.32213725234148294	0.0	-0.08677004177758738	0.05219620415878246	-0.08677004177758738	-0.05219620415878246	0.05699466841928841	0.14075962037281592	0.0569946684192884	-0.14075962037281592	-0.039730455965277356	0.035076412423239924	-0.039730455965277356	-0.035076412423239924	0.22032273305436317	0.0	0.26686239043708593	0.07134190887601374	0.26686239043708593	-0.07134190887601374	0.529699101571443	0.0
06	Lax	06	47.22132073201574	3.8548002036897233	-0.36693468163447285	0.04723877496161035	-0.36693468163447285	-0.04723877496161035	-0.3109385299605023	0.0	-0.09375973376873223	0.03586973786153916	-0.09375973376873223	-0.035869737861539144	-0.013289690076605049	0.09658930545960392	-0.013289690076605049	-0.0965893054596039	-0.05138195673772643	0.03258809724277306	-0.051381956737726414	-0.03258809724277306	0.14907357492991036	0.0	0.27969621997593686	0.0801340756805117	0.27969621997593686	-0.08013407568051167	0.6532046395137914	0.0
07	Lax	07	53.809205499004	3.98531132984342	-0.3420642593228457	0.044179861760265546	-0.3420642593228456	-0.044179861760265546	-0.28025610580003296	0.0	-0.10401927680305266	0.03702480858337218	-0.10401927680305266	-0.037024808583372176	-0.04674284691953897	0.09786332382709374	-0.04674284691953896	-0.09786332382709374	-0.06454222575481519	0.031958821847231186	-0.06454222575481519	-0.031958821847231186	0.13040204856575616	0.0	0.27326300808758985	0.08614320078571075	0.27326300808758985	-0.08614320078571076	0.7180652586596018	0.0
08	Lax	08	40.15765653008371	3.6925619961187666	-0.3566463859100731	0.05055198094657723	-0.3566463859100731	-0.05055198094657723	-0.29413321620071636	0.0	-0.09797414456810502	0.0345882894347459	-0.09797414456810502	-0.0345882894347459	-0.020331871682042334	0.12113834522567933	-0.02033187168204233	-0.12113834522567932	-0.0597293786658084	0.03039752889142042	-0.05972937866580841	-0.03039752889142042	0.18278006086197776	0.0	0.2510009544059514	0.06997774130481728	0.2510009544059514	-0.06997774130481728	0.6787148081788934	0.0
09	Hib	09	25.505317855487796	3.238014810189261	-0.39240422976793865	0.07436069833444171	-0.39240422976793865	-0.07436069833444171	-0.3275121476435294	0.0	-0.09581926072292786	0.06859736076643386	-0.09581926072292786	-0.06859736076643386	0.06184500856965806	0.14206680894418985	0.06184500856965806	-0.14206680894418985	-0.045090185016253226	0.04344608648520798	-0.04509018501625322	-0.04344608648520798	0.21468266644213596	0.0	0.2528710168034403	0.08648953252035636	0.2528710168034403	-0.08648953252035636	0.5500247814694357	0.0
10	Hib	10	37.747197263725624	3.630683653685793	-0.35185958625912606	0.056561663151669966	-0.35185958625912606	-0.05656166315166997	-0.286657154479967	0.0	-0.11641494418724463	0.03359781243020302	-0.11641494418724463	-0.03359781243020302	0.009124325952964737	0.1070436357653572	0.009124325952964737	-0.1070436357653572	-0.08085962111946737	0.034526736170634426	-0.08085962111946739	-0.034526736170634426	0.15287246781596003	0.0	0.273907961154398	0.0742199568103354	0.273907961154398	-0.0742199568103354	0.6659884155809574	0.0
11	Hib	11	25.643344745462137	3.244268251412331	-0.4070090869890878	0.07221357900370232	-0.4070090869890877	-0.07221357900370232	-0.31647731281447933	0.0	-0.07807862624567738	0.060541157873356635	-0.07807862624567737	-0.06054115787335664	0.028162158968370123	0.1265958334493203	0.028162158968370127	-0.1265958334493203	-0.04363683527393028	0.04107622168140547	-0.04363683527393028	-0.04107622168140547	0.23035592618826747	0.0	0.27415482802571534	0.07569400159399624	0.2741548280257154	-0.07569400159399622	0.5389365096554313	0.0
12	Lax	12	48.58795870865292	3.8832911870535476	-0.3402802489228798	0.04710630103559771	-0.34028024892287967	-0.04710630103559771	-0.2804426686021284	0.0	-0.11054874692030595	0.035101059301025465	-0.11054874692030595	-0.035101059301025465	-0.020956799676133453	0.0916920189176104	-0.020956799676133456	-0.09169201891761039	-0.0727396050967188	0.031129573273357303	-0.0727396050967188	-0.031129573273357303	0.13817331061994245	0.0	0.2536123079257431	0.09838235079738936	0.2536123079257431	-0.09838235079738936	0.7240955433627756	0.0
13	Hib	13	27.171753279016688	3.3019958695984535	-0.3738569499526445	0.0640900042617456	-0.3738569499526445	-0.06409000426174562	-0.27966246802920475	0.0	-0.1115240326684245	0.047092100806914394	-0.1115240326684245	-0.047092100806914394	0.008794135119839416	0.13865412859830112	0.008794135119839416	-0.13865412859830112	-0.0641245622910688	0.04069831453184473	-0.0641245622910688	-0.040698314531844734	0.22830455418944076	0.0	0.2672798248442866	0.08045157950883657	0.2672798248442866	-0.08045157950883657	0.5982210837357873	0.0
14	Hib	14	33.99729130537216	3.526253081194805	-0.3716571069281551	0.05444441982883266	-0.37165710692815523	-0.05444441982883266	-0.30982495965437185	0.0	-0.10235849241319302	0.048883059293749115	-0.10235849241319302	-0.048883059293749115	0.013632355968798459	0.10433955735821404	0.013632355968798457	-0.10433955735821404	-0.061835616337432286	0.03434000545553226	-0.061835616337432286	-0.03434000545553226	0.1923468135582948	0.0	0.2684959112502035	0.06437616816901434	0.2684959112502035	-0.06437616816901434	0.6249240430156341	0.0
15	Hib	15	22.402536355171293	3.109061980136887	-0.37273308880910755	0.07075515985952227	-0.3727330888091075	-0.07075515985952227	-0.2934630858172095	0.0	-0.1375121221514135	0.052824661079770185	-0.1375121221514135	-0.0528246610797702	0.1298174613447475	0.15768269707925076	0.1298174613447475	-0.15768269707925076	-0.09487686364774384	0.041296093246110444	-0.09487686364774384	-0.04129609324611044	0.1892821655113418	0.0	0.2402710856736453	0.07873116948608166	0.2402710856736453	-0.07873116948608166	0.574247975485612	0.0
16	Hib	16	38.0361842179385	3.6381872706001426	-0.3598375847601437	0.050471575381112146	-0.3598375847601437	-0.050471575381112146	-0.3023432899642705	0.0	-0.08667752770137277	0.04587987466747137	-0.08667752770137276	-0.04587987466747137	-0.04335114117014522	0.09788751774804164	-0.04335114117014523	-0.09788751774804164	-0.04748123521490595	0.03576100582746543	-0.047481235214905944	-0.03576100582746542	0.17100205028515078	0.0	0.26106753495015833	0.07767175516933256	0.26106753495015833	-0.07767175516933256	0.6839011474719383	0.0
17	Lax	17	40.686841527645655	3.7058483406951073	-0.34550873333836607	0.052890074339629695	-0.34550873333836607	-0.05289007433962969	-0.2827024293404655	0.0	-0.10837917587866898	0.04335727671986418	-0.10837917587866899	-0.04335727671986418	-0.023764287212728663	0.10579601670041577	-0.023764287212728663	-0.10579601670041577	-0.07256933882030951	0.034062782725148816	-0.07256933882030951	-0.034062782725148816	0.16307716425535912	0.0	0.26893030729091577	0.10133977138258504	0.26893030729091577	-0.10133977138258506	0.6822077210034212	0.0
18	Hib	18	33.270307898965186	3.504471022134757	-0.36460482780420406	0.05141607778386415	-0.36460482780420406	-0.05141607778386415	-0.29454469110184345	0.0	-0.10009739891769225	0.042814362361887924	-0.10009739891769226	-0.04281436236188792	-0.03350723905753622	0.1411392412069463	-0.03350723905753622	-0.1411392412069463	-0.04203902372974598	0.03832461732869711	-0.042039023729745974	-0.03832461732869711	0.20274599400516036	0.0	0.27127433336134416	0.08573324443785993	0.2712743333613442	-0.08573324443785993	0.6297470093923517	0.0
19	Lax	19	50.96394429689248	3.930913210880497	-0.32029801394144386	0.04973200711070028	-0.32029801394144386	-0.04973200711070028	-0.2653918787898256	0.0	-0.1174354583142531	0.03762903902717761	-0.1174354583142531	-0.03762903902717762	-0.03930057725627702	0.14892714442871308	-0.03930057725627702	-0.14892714442871305	-0.07483838338143418	0.032837668517214195	-0.07483838338143418	-0.0328376685172142	0.12582205349902026	0.0	0.2522376204540293	0.09489796175418179	0.2522376204540293	-0.09489796175418179	0.7388394501695634	0.0
20	Hib	20	24.673462685116316	3.205645684125156	-0.372774830842414	0.06841115874585967	-0.372774830842414	-0.06841115874585967	-0.2893940379392289	0.0	-0.13532920906303086	0.05183413422721843	-0.13532920906303086	-0.05183413422721843	0.09818111419333919	0.14349704816958403	0.09818111419333919	-0.14349704816958403	-0.08329466426324192	0.040140400145085006	-0.08329466426324192	-0.04014040014508501	0.22050418419387338	0.0	0.23374528239673803	0.08353940381655195	0.23374528239673803	-0.08353940381655195	0.5878344689025743	0.0
21	Pen	21	15.253040988023365	2.724766269572237	-0.42630742482666095	0.09853760341697498	-0.42630742482666095	-0.09853760341697498	-0.34827669839501046	0.0	-0.09524219208082296	0.059386608307115896	-0.09524219208082296	-0.059386608307115896	0.10280930048132228	0.18401400870254522	0.10280930048132228	-0.18401400870254525	-0.02582724738763629	0.05398265711729196	-0.02582724738763629	-0.05398265711729196	0.3038032388628089	0.0	0.2522904160742334	0.0699049169309619	0.2522904160742334	-0.0699049169309619	0.4290277550113301	0.0
22	Lax	22	46.705368461080646	3.8418957755848977	-0.32736967403671563	0.050518972527032455	-0.3273696740367157	-0.050518972527032455	-0.2764541687120452	0.0	-0.10761548189358427	0.03842335364735015	-0.10761548189358427	-0.03842335364735015	-0.018090746969883234	0.10723011309090344	-0.018090746969883238	-0.10723011309090344	-0.07779522903071505	0.03348835254484174	-0.07779522903071506	-0.03348835254484174	0.14284006887837006	0.0	0.2137535252713355	0.09986174429404168	0.2137535252713355	-0.09986174429404167	0.7678493131528006	0.0
23	Lax	23	38.37731846142742	3.6474666200153543	-0.3459712480215268	0.04995745101164792	-0.3459712480215268	-0.04995745101164792	-0.29874950156282787	0.0	-0.10828265208957369	0.04570538503588964	-0.10828265208957369	-0.04570538503588964	-0.008121415895875953	0.1023517276730482	-0.008121415895875953	-0.1023517276730482	-0.0701389197518831	0.03393263909133876	-0.0701389197518831	-0.03393263909133876	0.17421408056067528	0.0	0.2500287953070431	0.08294450446829589	0.2500287953070431	-0.08294450446829589	0.6895063019057854	0.0
24	Hib	24	41.01188783498619	3.7138093246782335	-0.3538007954448571	0.04918046197459	-0.35380079544485704	-0.04918046197459	-0.2847584652821259	0.0	-0.09135278987271811	0.03986690985049822	-0.09135278987271811	-0.03986690985049821	-0.0614912767382817	0.09024052451277018	-0.06149127673828169	-0.09024052451277018	-0.05181227282524997	0.027326771260455858	-0.05181227282524997	-0.027326771260455858	0.17196369916625934	0.0	0.26043468999095415	0.08418018332432423	0.2604346899909542	-0.08418018332432423	0.7088396558961719	0.0
25	Hib	25	35.118195203718116	3.5587193780306636	-0.37268095720090944	0.058756958648449195	-0.37268095720090944	-0.0587569586484492	-0.29580872085141824	0.0	-0.09252767804708878	0.041890887120136375	-0.09252767804708878	-0.04189088712013638	-0.056270859861534496	0.10768603664044903	-0.05627085986153449	-0.10768603664044901	-0.03492750156557725	0.03873638379804177	-0.03492750156557725	-0.038736383798041764	0.2115207354709827	0.0	0.28271590967408267	0.07597543927767904	0.28271590967408267	-0.07597543927767904	0.63167015938249	0.0
26	Hib	26	37.119438748846605	3.6141407878659315	-0.33108585780469957	0.05079827347836876	-0.33108585780469957	-0.050798273478368766	-0.27185703798578087	0.0	-0.12145365123100546	0.044039999346475144	-0.12145365123100546	-0.044039999346475144	-0.03344251573548031	0.11784756325603643	-0.033442515735480315	-0.11784756325603642	-0.0843563066527257	0.03683228909057974	-0.0843563066527257	-0.03683228909057974	0.15510062140579292	0.0	0.27997926543594953	0.07774567986762092	0.27997926543594953	-0.07774567986762092	0.6974745485559111	0.0
28	Lax	28	47.06797032020651	3.851554199814092	-0.32635557336233834	0.04977568606768842	-0.32635557336233834	-0.04977568606768842	-0.2590362503820578	0.0	-0.12484690134080541	0.04103750806376327	-0.12484690134080542	-0.04103750806376327	-0.024139065937132317	0.10797801834388611	-0.024139065937132317	-0.1079780183438861	-0.08677627456235987	0.033881656764432805	-0.08677627456235987	-0.033881656764432805	0.11790028129644213	0.0	0.2692324799279907	0.11405648320411722	0.2692324799279907	-0.11405648320411722	0.7269066396349061	0.0
29	Hib	29	21.628014260721258	3.073790291024936	-0.39104271392244705	0.07762763447498627	-0.39104271392244705	-0.07762763447498626	-0.29992130404537765	0.0	-0.11233578421569285	0.06408912401902922	-0.11233578421569285	-0.06408912401902922	0.05992976369161329	0.14720074263128358	0.0599297636916133	-0.14720074263128358	-0.06360990001600057	0.044504381856869675	-0.06360990001600057	-0.044504381856869675	0.2441723096835828	0.0	0.2696148349571503	0.07986224010415703	0.2696148349571503	-0.07986224010415703	0.5306365933725488	0.0
30	Hib	30	28.08903491450937	3.335352638256328	-0.4205107231707965	0.06597989957327746	-0.4205107231707965	-0.06597989957327746	-0.3279913370606266	0.0	-0.06278618612781453	0.049063007525351116	-0.06278618612781453	-0.049063007525351116	0.0015460159118761809	0.11295462786047837	0.00154601591187618	-0.11295462786047838	-0.022465895881229568	0.036730255486125525	-0.022465895881229568	-0.036730255486125525	0.24200224089862737	0.0	0.28187100199566256	0.07291694425843706	0.2818710019956625	-0.07291694425843706	0.5306806707066027	0.0
31	Lax	31	38.82467235702926	3.6575107311577226	-0.3267483985059037	0.05717587305037378	-0.32674839850590365	-0.05717587305037378	-0.2722614366761242	0.0	-0.11230133862273241	0.042761376937050635	-0.11230133862273242	-0.042761376937050635	-0.038576702798961755	0.12364887625495735	-0.038576702798961755	-0.12364887625495735	-0.07264329477161413	0.035922872438948594	-0.07264329477161413	-0.035922872438948594	0.1631137458579385	0.0	0.23846494272969665	0.10445181614922391	0.23846494272969665	-0.1044518161492239	0.7327572747572161	0.0
32	Lax	32	58.81795771818548	4.074152479735797	-0.3302283638742743	0.04757885551306065	-0.3302283638742743	-0.047578855513060646	-0.2800762609780906	0.0	-0.10708839418134983	0.039098084979521656	-0.10708839418134983	-0.039098084979521656	-0.013288011116010542	0.10033609967271909	-0.013288011116010542	-0.10033609967271909	-0.07431588712569803	0.03365671839023718	-0.07431588712569803	-0.03365671839023718	0.11679045457465184	0.0	0.22171063641557168	0.09564187249897567	0.22171063641557168	-0.09564187249897567	0.7697058461669608	0.0
33	Pen	33	16.4028931632145	2.797171097690139	-0.4453697877796195	0.09428346115880372	-0.4453697877796195	-0.09428346115880372	-0.3399523619850517	0.0	-0.10599985137337711	0.056033819539498035	-0.10599985137337711	-0.05603381953949803	0.2136140352250582	0.18358366461525974	0.2136140352250582	-0.18358366461525974	-0.05743132445546457	0.05114476122038686	-0.05743132445546458	-0.051144761220386865	0.2628035440254085	0.0	0.23042975373866165	0.07297791914225604	0.23042975373866165	-0.07297791914225604	0.40666316724912566	0.0
34	Pen	34	15.83633326520649	2.7604808359398687	-0.439771713726077	0.0992943297820885	-0.43977171372607704	-0.0992943297820885	-0.3415430999077533	0.0	-0.09372893069061977	0.07479353890822502	-0.09372893069061977	-0.07479353890822502	0.1418833208023486	0.15902593733390805	0.1418833208023486	-0.15902593733390805	-0.034944486689836324	0.05497728564615782	-0.03494448668983632	-0.05497728564615782	0.26118688318157723	0.0	0.2573304738158819	0.0888006610131172	0.257330473815882	-0.0888006610131172	0.418818889702781	0.0
35	Pen	35	16.53393286953691	2.805024913916946	-0.4167362848934095	0.0807084571985188	-0.4167362848934095	-0.0807084571985188	-0.3207218058404353	0.0	-0.12054703361845272	0.07200592243064541	-0.12054703361845272	-0.07200592243064541	0.17217548515813452	0.18920999338884426	0.17217548515813452	-0.18920999338884423	-0.06875187928039533	0.05473419399499585	-0.06875187928039533	-0.05473419399499585	0.24473162473590182	0.0	0.2501162295628752	0.08217410725799998	0.25011622956287527	-0.08217410725799998	0.44347714724702914	0.0
36	Hib	36	22.98010361036194	3.134357108885103	-0.41186958196658197	0.08348719204572622	-0.41186958196658197	-0.08348719204572622	-0.3360918606074781	0.0	-0.09064093386271374	0.0625426829348723	-0.09064093386271373	-0.0625426829348723	0.06829767796791518	0.1463711313418549	0.06829767796791518	-0.14637113134185487	-0.04100545427453479	0.04357235434720427	-0.04100545427453478	-0.04357235434720427	0.24008664841019922	0.0	0.28080804200525833	0.0726857803577401	0.28080804200525833	-0.07268578035774009	0.48482571245859296	0.0
37	Pen	37	15.958265415733791	2.768465758587301	-0.4314182796002734	0.09204793933829732	-0.4314182796002734	-0.09204793933829732	-0.33951106979418877	0.0	-0.09225304387774186	0.0556019636299512	-0.09225304387774186	-0.0556019636299512	0.13611312494930644	0.19049609494873723	0.13611312494930644	-0.19049609494873723	-0.041791367757763515	0.0474671958973775	-0.041791367757763515	-0.0474671958973775	0.2748283477213252	0.0	0.2466554101183447	0.07972842430853862	0.2466554101183447	-0.0797284243085386	0.430071034409119	0.0
38	Lax	38	40.47859664264102	3.7007606988697805	-0.3419330207269984	0.05490586067282649	-0.3419330207269984	-0.05490586067282649	-0.2985862313221841	0.0	-0.11122020718566905	0.0444819607606673	-0.11122020718566905	-0.0444819607606673	-0.024913875189145958	0.09889508281840026	-0.024913875189145958	-0.09889508281840026	-0.06763570106172011	0.0320643520840419	-0.06763570106172012	-0.0320643520840419	0.16634465372821733	0.0	0.26923466787594547	0.08377976507454965	0.26923466787594547	-0.08377976507454965	0.6851778501691428	0.0
39	Hib	39	28.474033384696526	3.348818025589172	-0.3600050756589662	0.061196397035803346	-0.3600050756589662	-0.061196397035803346	-0.2983019725146073	0.0	-0.10483319057705556	0.06025487769856087	-0.10483319057705554	-0.06025487769856086	0.010721824292160557	0.14259838106595502	0.010721824292160557	-0.14259838106595504	-0.057188225334548135	0.03743173560731673	-0.057188225334548135	-0.03743173560731673	0.17508653293999163	0.0	0.25405260390539386	0.08777613379768814	0.25405260390539386	-0.08777613379768814	0.6377195663206464	0.0
40	Pen	40	16.01707026582268	2.773610467238191	-0.4375975023319474	0.0980363779173126	-0.4375975023319474	-0.0980363779173126	-0.33980873866951267	0.0	-0.11596991640431437	0.07272777595605312	-0.11596991640431434	-0.07272777595605313	0.20560772304126596	0.13556566934106662	0.20560772304126596	-0.13556566934106662	-0.06659272240140032	0.0535605768751471	-0.06659272240140034	-0.0535605768751471	0.278109644258122	0.0	0.23403105562263865	0.0788595138068657	0.23403105562263865	-0.0788595138068657	0.42274181935890554	0.0
41	Hib	41	30.057385771385217	3.4031084135231913	-0.36350263579276054	0.05553725101327802	-0.36350263579276054	-0.05553725101327803	-0.285446053615191	0.0	-0.12470485193769296	0.051520459800939486	-0.12470485193769296	-0.051520459800939486	0.08061608248257371	0.16361670742141698	0.08061608248257371	-0.16361670742141698	-0.0758236680533708	0.04005613033954279	-0.0758236680533708	-0.04005613033954279	0.20087392395422704	0.0	0.20632887150800694	0.08218118005297381	0.20632887150800694	-0.08218118005297381	0.6387445332474514	0.0
42	Pen	42	17.5669735478329	2.865985798249376	-0.425119711016801	0.10128816367096467	-0.42511971101680107	-0.10128816367096467	-0.3369029834531839	0.0	-0.1362292513785151	0.07314427667712312	-0.1362292513785151	-0.07314427667712312	0.24154309362884618	0.1261424671892562	0.24154309362884618	-0.1261424671892562	-0.0825101801905325	0.0520093753910693	-0.0825101801905325	-0.0520093753910693	0.22503336038805044	0.0	0.23736415894062185	0.08585544797669967	0.23736415894062185	-0.08585544797669967	0.4417734030978946	0.0
43	Pen	43	19.34540163869043	2.962454749823249	-0.4345014371051028	0.08636865644097784	-0.4345014371051028	-0.08636865644097785	-0.34639763581194505	0.0	-0.11164397798982519	0.057411270218812836	-0.11164397798982519	-0.05741127021881284	0.2227586545594438	0.21958692858998005	0.2227586545594438	-0.21958692858998002	-0.06011847736468305	0.04640306897097918	-0.06011847736468306	-0.04640306897097917	0.2566991455989396	0.0	0.2254344535724814	0.06908791094286221	0.22543445357248137	-0.06908791094286221	0.40584005886837726	0.0
44	Pen	44	17.72544906534192	2.8750014072364394	-0.4387623712136343	0.09775685629267361	-0.4387623712136343	-0.09775685629267361	-0.357592330397961	0.0	-0.10745549097655455	0.059348239509731365	-0.10745549097655455	-0.059348239509731365	0.18187495486522148	0.11710202268044159	0.18187495486522148	-0.1171020226804416	-0.05230327233937698	0.04936724529096545	-0.052303272339376976	-0.04936724529096544	0.2531050591620366	0.0	0.2540283281503874	0.06983101540653514	0.2540283281503874	-0.06983101540653514	0.42972297426383843	0.0
46	Pen	46	17.588567691730724	2.866961851424805	-0.42601459853632173	0.1017146674660444	-0.42601459853632173	-0.1017146674660444	-0.3441635205768665	0.0	-0.09820905223632953	0.060066385418326367	-0.09820905223632953	-0.06006638541832637	0.10528325434647129	0.1579040176124854	0.10528325434647129	-0.1579040176124854	-0.03462907015360449	0.05306180655615546	-0.034629070153604495	-0.05306180655615546	0.2842529554854756	0.0	0.26455092443804706	0.06668606430552756	0.26455092443804706	-0.06668606430552756	0.43794764937486574	0.0
47	Hib	47	25.89564632756554	3.2533898858553356	-0.3826588615161181	0.07217784638580221	-0.3826588615161181	-0.07217784638580221	-0.3114266223389921	0.0	-0.11234429870441909	0.05248771270685918	-0.11234429870441909	-0.05248771270685918	0.07365137718586141	0.14188385027949127	0.07365137718586141	-0.14188385027949127	-0.0676240332129002	0.03807600772192904	-0.06762403321290018	-0.03807600772192904	0.19714602897185948	0.0	0.26419573790282747	0.07366642283305895	0.26419573790282747	-0.07366642283305895	0.5638407500566297	0.0
48	Hib	48	25.219355558488736	3.2274519518311395	-0.4014433371448982	0.07708162411242077	-0.40144333714489827	-0.07708162411242078	-0.3374463477684971	0.0	-0.08828191693121742	0.05879102126865159	-0.08828191693121744	-0.05879102126865159	0.03872510169060334	0.1298141313723027	0.03872510169060335	-0.1298141313723027	-0.03761492012882022	0.0434324537114095	-0.03761492012882023	-0.0434324537114095	0.2446489390124763	0.0	0.2742148351401321	0.0750318812757404	0.2742148351401321	-0.0750318812757404	0.5215978835044214	0.0
49	Hib	49	28.262065163413595	3.3415178551968365	-0.371950910228072	0.05242920489262306	-0.3719509102280719	-0.05242920489262306	-0.2860732061771753	0.0	-0.12386999151320173	0.044160237852964114	-0.12386999151320173	-0.044160237852964114	0.05337550222600744	0.1295698893893602	0.05337550222600744	-0.1295698893893602	-0.07530868415641578	0.03449094978834145	-0.07530868415641578	-0.03449094978834145	0.1888058766870151	0.0	0.258156623062669	0.06550165905087928	0.258156623062669	-0.06550165905087928	0.6164622507081858	0.0
50	Pen	50	17.12375147509619	2.8403554049433	-0.4307432821975196	0.0752898496725002	-0.4307432821975196	-0.0752898496725002	-0.3318438882589905	0.0	-0.11535435529205718	0.05211052139301238	-0.11535435529205718	-0.05211052139301238	0.1747032878904935	0.17297178534616003	0.1747032878904935	-0.17297178534616003	-0.05614080447106605	0.05094441075706058	-0.05614080447106605	-0.05094441075706059	0.24936577814061334	0.0	0.25186445490306236	0.07600487284520441	0.25186445490306236	-0.07600487284520441	0.43381950845255085	0.0
51	Hib	51	28.755272111997527	3.358627153071513	-0.4022060741704949	0.0618873018415414	-0.4022060741704949	-0.0618873018415414	-0.3074247435665082	0.0	-0.0778511943692392	0.05561003190021967	-0.0778511943692392	-0.05561003190021966	-0.028143964939067692	0.11446361814500033	-0.028143964939067692	-0.11446361814500033	-0.019307756694624985	0.0456525715534811	-0.019307756694624985	-0.0456525715534811	0.23195539965487744	0.0	0.28188888181963623	0.08962348049618254	0.28188888181963623	-0.08962348049618253	0.5667095606192121	0.0
52	Pen	52	16.20635943453899	2.785288599664954	-0.43787871194520334	0.08562776073364067	-0.43787871194520334	-0.08562776073364067	-0.33584249025385343	0.0	-0.09873333755199847	0.08015948361339184	-0.09873333755199848	-0.08015948361339184	0.1689848797369488	0.15852027995624254	0.1689848797369488	-0.15852027995624254	-0.050576785131840815	0.055856155379904446	-0.050576785131840815	-0.055856155379904446	0.2627477819356964	0.0	0.23903172898585373	0.08925337429463402	0.23903172898585373	-0.08925337429463402	0.4314391601306373	0.0
53	Pen	53	17.506265592714072	2.862503080086402	-0.43194334287583147	0.10148173950954001	-0.43194334287583147	-0.10148173950954002	-0.35492816527538384	0.0	-0.1088302627884308	0.06011876673820868	-0.1088302627884308	-0.06011876673820869	0.19108195428550667	0.14512501863134364	0.19108195428550667	-0.14512501863134364	-0.053610180770419846	0.04805090355484279	-0.053610180770419846	-0.04805090355484279	0.2508555334782643	0.0	0.2359104387480665	0.07375159524618605	0.2359104387480665	-0.07375159524618605	0.4388554185993372	0.0
54	Pen	54	15.332109121697425	2.729373261899306	-0.43478017389010615	0.09835114401744333	-0.43478017389010615	-0.09835114401744333	-0.32383126066973994	0.0	-0.09942392483504615	0.06577778237423479	-0.09942392483504615	-0.06577778237423479	0.13066870607817158	0.2017449254973572	0.13066870607817158	-0.2017449254973572	-0.038290318849742204	0.05427161411840926	-0.038290318849742204	-0.05427161411840926	0.2964673593144491	0.0	0.246381935323862	0.0691666604666575	0.24638193532386202	-0.0691666604666575	0.4182514537010129	0.0
55	Lax	55	42.613510420758104	3.7517760020874835	-0.33297487470057496	0.05156839556323417	-0.33297487470057496	-0.051568395563234164	-0.2827340612751834	0.0	-0.11591958880905094	0.03819453378923987	-0.11591958880905094	-0.03819453378923987	-0.019700899626974286	0.10027137340499886	-0.01970089962697429	-0.10027137340499886	-0.07805661672731194	0.03523464799767259	-0.07805661672731196	-0.03523464799767259	0.14513276723528937	0.0	0.25623510820907724	0.09674574871726735	0.25623510820907724	-0.09674574871726736	0.718435037349564	0.0
56	Lax	56	49.63247948068843	3.903687926223168	-0.3211949064665839	0.048015975765893684	-0.32119490646658383	-0.048015975765893684	-0.26404702397468205	0.0	-0.12805975194059002	0.036662862479805255	-0.12805975194059002	-0.036662862479805255	0.02183038555924944	0.1207555287111867	0.02183038555924944	-0.1207555287111867	-0.09463096746039515	0.032423212896015643	-0.09463096746039515	-0.032423212896015643	0.11611659608770977	0.0	0.20961964421618834	0.09391763480724083	0.20961964421618834	-0.09391763480724083	0.7728016200712348	0.0
57	Pen	57	16.497747765205663	2.803136668540846	-0.44391882758028717	0.09641109642445539	-0.44391882758028717	-0.09641109642445538	-0.34037048635454714	0.0	-0.09385089544302211	0.05513836557621656	-0.09385089544302211	-0.05513836557621656	0.13723646960616098	0.15744366812598581	0.13723646960616098	-0.1574436681259858	-0.031493314082476326	0.05149856841840809	-0.031493314082476326	-0.05149856841840809	0.2901971420746417	0.0	0.2431179717064662	0.07117860459733583	0.2431179717064662	-0.07117860459733583	0.4279905358662222	0.0
58	Pen	58	17.15429022986757	2.8421146374848085	-0.45236745745531276	0.08190845638415561	-0.45236745745531276	-0.08190845638415561	-0.3474262363829715	0.0	-0.07488944442333337	0.05793103661406747	-0.07488944442333337	-0.05793103661406747	0.11068665493651889	0.15688387441925894	0.11068665493651886	-0.15688387441925897	-0.016740100885212276	0.04921982508683678	-0.016740100885212272	-0.04921982508683678	0.2852026258736168	0.0	0.2524348673907747	0.07840118020363462	0.2524348673907747	-0.07840118020363462	0.4239745713824842	0.0
59	Lax	59	50.67678430084993	3.925338276282644	-0.3397469973541253	0.046660400316245784	-0.33974699735412534	-0.04666040031624578	-0.2775969653856958	0.0	-0.11756069676804544	0.039184743708895894	-0.11756069676804545	-0.039184743708895894	0.015152260073191818	0.12062344972767229	0.015152260073191814	-0.12062344972767229	-0.06478201249980367	0.03402655358824217	-0.06478201249980367	-0.03402655358824217	0.10460038208394867	0.0	0.23177819845909528	0.13392422662898257	0.23177819845909525	-0.13392422662898257	0.7233150794811214	0.0
60	Pen	60	16.32808041456654	2.792886350444371	-0.44244478646619634	0.09760449913537617	-0.44244478646619634	-0.09760449913537617	-0.35457875870544786	0.0	-0.0892727050307161	0.05911572633211451	-0.0892727050307161	-0.05911572633211452	0.16653308450025342	0.1538986029293814	0.16653308450025342	-0.1538986029293814	-0.043255804404931084	0.05006866454544613	-0.043255804404931084	-0.05006866454544613	0.27887961785202897	0.0	0.23226461800535328	0.07590419508537219	0.23226461800535328	-0.07590419508537219	0.4280503276458925	0.0
61	Pen	61	15.983648122033443	2.7714860680114244	-0.44014959533388903	0.08036488256507444	-0.4401495953338891	-0.08036488256507444	-0.33329373145689856	0.0	-0.07805369823273596	0.06066202750372459	-0.07805369823273597	-0.06066202750372459	0.05383586766269686	0.17620119279660978	0.05383586766269686	-0.17620119279660978	-0.010772474893444742	0.056983821216460145	-0.010772474893444742	-0.056983821216460145	0.32129901598588406	0.0	0.26912181693063775	0.07439752570805863	0.26912181693063775	-0.07439752570805865	0.4240308832044849	0.0
62	Hib	62	20.923007976947297	3.040751742690058	-0.4134830883522395	0.07635139230838117	-0.41348308835223957	-0.07635139230838117	-0.3350967046430727	0.0	-0.11191676767536952	0.05971424023895259	-0.11191676767536954	-0.05971424023895259	0.15000336144290072	0.16874802998844268	0.15000336144290072	-0.16874802998844268	-0.06425599839552942	0.04364411686904138	-0.06425599839552942	-0.04364411686904138	0.24465266455635037	0.0	0.25049602157122947	0.06786716750057228	0.25049602157122947	-0.06786716750057228	0.46875698290473905	0.0
63	Pen	63	16.328108575470953	2.7923963096610627	-0.43143913388201693	0.09750421798616374	-0.43143913388201693	-0.09750421798616374	-0.3421365310198505	0.0	-0.09885441617610687	0.06606824101164277	-0.09885441617610687	-0.06606824101164277	0.14796722810126792	0.16826109088956262	0.14796722810126794	-0.16826109088956262	-0.047823255641488135	0.04920017749618358	-0.047823255641488135	-0.04920017749618358	0.26132295469069466	0.0	0.2570229392418853	0.07393686118259334	0.2570229392418853	-0.07393686118259335	0.42706685304207337	0.0
64	Lax	64	44.729542842147595	3.8000077914740595	-0.3247240317803925	0.054438204533447415	-0.32472403178039244	-0.054438204533447415	-0.26903469179203443	0.0	-0.1082875853742602	0.041101938966341005	-0.1082875853742602	-0.041101938966341005	-0.0373319971311016	0.12289155919404299	-0.0373319971311016	-0.12289155919404299	-0.06705341034026913	0.03656289615180902	-0.06705341034026913	-0.03656289615180902	0.14813313330864453	0.0	0.21306722216574914	0.10492318337029677	0.21306722216574914	-0.10492318337029677	0.7695611634039383	0.0
65	Pen	65	17.25130989421109	2.8478566142254658	-0.44924206453466914	0.10110132006597848	-0.44924206453466914	-0.10110132006597848	-0.3454446834870749	0.0	-0.1194274633726352	0.06567102707351766	-0.11942746337263521	-0.06567102707351766	0.2404371595917337	0.1516782250392501	0.24043715959173367	-0.1516782250392501	-0.05790125608672188	0.05552517501249872	-0.05790125608672188	-0.05552517501249871	0.2578146180906349	0.0	0.22908235513864816	0.07202602392082053	0.2290823551386482	-0.07202602392082053	0.40173260392372867	0.0
67	Lax	67	47.77889734093639	3.866361955470724	-0.3249943602525443	0.04970511530229875	-0.3249943602525443	-0.04970511530229876	-0.2532476069574009	0.0	-0.120138758884126	0.038743811631510944	-0.120138758884126	-0.038743811631510944	-0.030121597033921223	0.14838876611721852	-0.030121597033921223	-0.14838876611721852	-0.07667293913916305	0.03545504651259544	-0.07667293913916307	-0.03545504651259544	0.14614154972139312	0.0	0.23475289805747493	0.10036635305508015	0.23475289805747493	-0.10036635305508015	0.7414555717405668	0.0
